1.754732923251436430e-56
1.279538221946384198e+02
1.217753015992663563e+02
5.858271927270803303e+01
5.757703704358830521e+01
3.203466132536886057e+00
6.131622338972155717e+01
5.932833836905457758e+01
5.423812083525960759e+01
1.214185935617343972e+02
1.684697295527499250e+01
1.709658966382504275e+01
1.238058679920063980e+02
1.142668404348914812e+01
1.113338620026149641e+02
1.114977708848943649e+02
1.101254510204762198e+02
1.249105868224407914e+02
1.175770518983074453e+02
1.187186292550148181e+02
1.304802509979401464e+02
1.209957221392134272e+02
1.293054053342518159e+02
1.164004096933745132e+02
1.142598640959406566e+02
6.946364560907400687e+01
6.734640923395406986e+00
1.311100873797045097e+02
1.040377515401546837e+01
1.310996521135668900e+02
1.073424276939363580e+02
4.815106796139029655e+01
1.296550644191353570e+02
1.273202265073045965e+02
5.103379703585699900e+01
1.254400765306919254e+02
1.148115117099924163e+02
9.118871617518708556e-26
5.387421012571326884e+01
5.007610366590727224e+00
1.213947999377573979e+02
1.259744169754132486e+02
1.233032614777049361e+02
1.304971650087565536e+02
1.305790678446272182e+02
1.323590386626676718e+02
1.329789822779421513e+02
9.105562520818804728e+01
8.882210585236889244e+01
1.045221017850762877e+02
7.980368043718233650e+01
4.183255531474264899e+01
1.197487741115607349e+02
1.049151009456904973e+02
4.678575291632549948e+01
4.811140315253808097e+01
1.208347361477628965e+02
1.092508322386840831e+02
1.005678044880155969e-02
1.270476444825622337e+02
1.080114740266585613e+02
1.270849490581142227e+01
7.322390230544607186e-05
7.477143643763028535e+01
4.618065046571653842e-01
7.373859126731922231e+01
7.662728508452141796e+01
7.853795974925178314e+01
1.350151749938168280e+02
1.292333498401291081e+02
1.232357884182121239e+02
1.252594014040288357e+02
1.319740671719735019e+02
1.153666590964075596e+02
1.269042471949023536e+02
1.333568336427326813e+02
1.145437432866826981e+02
6.876714802414052485e+01
1.030439411485612311e+01
8.588649538280542117e+00
1.018909991860741604e+00
1.068730522732759738e+02
4.982317281089595172e-03
1.067591089752222757e+02
1.060867447004847008e+02
9.532636376036906256e+01
2.491168884255776442e-04
2.463539571952347946e-04
2.465367614464058729e-04
2.098295684837361930e-05
1.323748689188437311e+02
1.125533818152068477e+02
1.188779466327156342e+02
1.213106085685200759e-23
1.176951147274288433e-23
1.140702275626596816e+02
7.160811580126836873e+01
8.773974818541543641e+01
8.418390956564634564e+01
8.309104521818686351e+01
8.285720063238230182e+01
6.372764865996350281e+00
1.092390921514699187e+02
9.985553667233415354e+01
1.006351814460699217e+02
1.388709889663662655e-02
1.418407450274711962e-02
5.756682273344116384e-03
1.165703758205873658e-02
5.918484943213125557e-03
5.649750897076699641e-03
2.078815232958129971e-05
1.898423225020354557e-05
1.283896755131576128e+02
1.326206126963955398e+02
1.292879080473094291e+02
1.303666359872619864e+02
1.199895142762695031e+02
1.306748491119301718e+02
1.200399866462024221e+02
1.293088094311362966e+02
1.295968452335468726e+02
1.149871980768055550e+02
8.845751248498187636e+01
7.648953605188847860e+01
4.971237770169229009e+01
6.610356950346192662e+01
7.422080809539563973e+01
5.083568174656382865e+01
4.887511953175585688e+01
4.800065111709496080e+01
1.071392372295208020e+02
1.054442347777271323e+02
3.134898525466057606e+01
1.036941891778927243e+02
4.266490955108541527e+01
1.013952582780543281e+02
7.116714627899628454e+01
6.707466837518773065e-05
8.653158513707674615e+01
7.827937738838659243e+01
7.021118173458881984e+01
3.642134182771059432e-07
4.906222409239200077e-05
4.623754299705456491e-05
3.561977752378747952e-05
3.262257947947818293e-05
1.121742827570276546e+02
1.133965606937710220e+02
1.181779323675530264e+02
